[form_pic.jpg]
filters=enhance=1;fill=1,0.383178;ansel=1,ffffffff;fill=1,0.299065;
moddate=00008dfa95d30000
width=5477
height=3651
textactive=0
